-------------------------------------------------------------
----------------------- !PROPERTIES! ------------------------
-------------------------------------------------------------
# -------------------------------------------------------------
----------------------- !GEOMETRIES! ------------------------
# -------------------------------------------------------------
------------------------ !GEOMETRY! -------------------------
    Number of atoms:    58 
    Geometry Index:     1 
    Coordinates:
               0  C     -0.368327496050    1.249821674967    0.475502867284
               1  C     -0.645942854028    0.112735512309   -0.278365173387
               2  C      0.384684802383   -0.744364593624   -0.633382340234
               3  C      1.689333031002   -0.490834601019   -0.260701262331
               4  C      1.981700066049    0.647199503523    0.495636129315
               5  C      0.947590131898    1.502504613046    0.858773524754
               6  O     -1.291675633859    2.159394382618    0.883955053312
               7  C     -2.646051695632    1.961330733635    0.528790462640
               8  H     -2.776737383193    1.966168256826   -0.557295198830
               9  H     -3.183860135220    2.802215002359    0.962661084398
              10  H     -3.033640865484    1.026767133730    0.944651015555
              11  H     -1.652007805577   -0.116236456319   -0.590361646507
              12  H      1.166213748381    2.381665593660    1.445075051422
              13  H      0.155369590487   -1.625729472466   -1.212814470331
              14  H      2.463377944693   -1.183227252929   -0.545372272503
              15  C      3.351928517822    0.995451930377    0.951959598262
              16  C      4.490742955936    0.221031265893    0.324561913327
              17  O      3.539597052726    1.855882110632    1.789274557795
              18  C      5.865358377491    0.774449164001    0.720101602119
              19  H      4.365820659248    0.232704790202   -0.758293826351
              20  H      4.408631208448   -0.813825042789    0.665397958994
              21  C      6.979956782244   -0.106856185238    0.138728492648
              22  C      6.037862119633    2.201767123861    0.262279805424
              23  H      5.943640555071    0.758199028845    1.811295161059
              24  C      5.905719031244    2.543573028622   -1.081357109522
              25  C      6.351731801482    3.200744884027    1.176687361501
              26  C      6.532976196799    4.507446620788    0.769090850065
              27  C      6.079586185375    3.846450694627   -1.498913099580
              28  H      5.663155823301    1.790185902197   -1.816202671306
              29  C      6.398090032675    4.842820631226   -0.577047441433
              30  H      5.976058530620    4.117412782479   -2.539130864493
              31  H      6.457851017226    2.946955424964    2.219782410978
              32  H      6.777531506437    5.274538858823    1.486520241109
              33  C      6.581793363108    6.222692720463   -1.065916032780
              34  O      6.434887125978    6.565823150998   -2.222273763691
              35  O      6.935579142947    7.080440838724   -0.100980628343
              36  C      7.129654644189    8.437286855443   -0.490788614886
              37  H      7.505635188098    8.948002308501    0.390870049885
              38  H      6.183932250561    8.873053190027   -0.817562443997
              39  H      7.846863633647    8.495411007850   -1.311495968799
              40  C      8.326274980793    0.172903908838    0.771017282783
              41  H      7.059894461157    0.051018757907   -0.937164141210
              42  H      6.749647605155   -1.160568130867    0.313755431225
              43  C      9.493873142026   -0.549957728596    0.207631792738
              44  O      8.451045861581    0.935886669696    1.710124440325
              45  C      9.407547983759   -1.460529772676   -0.854588386280
              46  C     10.731944454237   -0.303877656359    0.784122195558
              47  C     11.887608747836   -0.945448177121    0.328049316403
              48  C     11.786905538243   -1.852205655616   -0.737737536206
              49  C     10.551742203008   -2.092677556125   -1.309114393104
              50  H     10.805902461657    0.395474574649    1.603079598395
              51  H      8.464343732731   -1.679595814199   -1.324237961813
              52  H     10.481669687476   -2.791317637735   -2.129151311487
              53  H     12.656616377510   -2.362142482887   -1.118237164713
              54  O     13.024997952013   -0.618827528450    0.977615461228
              55  C     14.225104389846   -1.136342444658    0.714184103180
              56  H     14.390026463892   -1.874434402721   -0.044573476869
              57  H     15.012071516828   -0.753681654515    1.329844292200
