   -0.02350054
   -0.01314640
   -0.02560671
   -0.03246631
    0.01919172
   -0.02051936
    0.09085053
    0.10313404
    0.07948713
   -0.02872972
    0.07483738
   -0.04550013
    0.10323606
    0.38712768
   -0.40172879
    0.00643062
    0.09219869
    0.10182873
    0.09841125
   -0.53475211
    0.20880992
    0.06490044
   -0.00670510
   -0.50040166
   -0.03441889
   -0.03340435
   -0.04129460
    0.12586758
   -0.03196998
    0.11886967
    0.07551305
    0.06905082
    0.07878634
   -0.37178058
    0.00417826
    0.07473704
    0.09437420
    0.07410409
