           1           2   1.37800405404137     
           2           3   1.38248822381941     
           1           4  0.102877967896614     
           3           4   1.46328401719235     
           2           5  0.100113784176533     
           4           5   1.37886082451697     
           1           6   1.46523698321563     
           3           6  0.102826854839753     
           5           6   1.37930458430997     
           6           7  0.968797269926965     
           3           8  0.967262167723374     
           4           9  0.970124931854957     
           5          10   1.05332896097562     
          10          11  0.960630418849853     
          10          12   1.80777628307729     
           1          13  0.966811945675562     
           2          14   1.00789810026168     
          14          15   1.21291368399826     
          15          16  0.974871388218271     
          16          17  0.984650001650570     
          16          18  0.978177205575404     
          16          19  0.978135384647070     
          14          20   1.60838218100522     
          15          20  0.194056382651016     
          12          21   1.05665996563102     
          12          22  0.965571455094409     
          21          23   1.00217164508804     
          21          24   1.74872422866756     
          23          25   1.36612634881534     
          25          26   1.44483456319663     
          26          27   1.44128508953475     
          27          28   1.34518701708840     
          23          29   1.42008532681924     
          28          29   1.33980541835660     
          29          30  0.963777911225314     
          27          31  0.969660202244539     
          25          32  0.968044621673442     
          26          33  0.971839440459700     
          28          34   1.12998962288972     
          34          35  0.984275932792324     
          35          36  0.978627982361015     
          35          37  0.980955848341992     
          35          38  0.978605794656335     
