   -0.01900196
   -0.02184565
   -0.02569161
   -0.03432244
    0.03725593
   -0.01773661
    0.04810627
    0.06926572
    0.05919583
   -0.01200925
    0.08058615
   -0.06724074
    0.05781891
    0.35026171
   -0.25679518
    0.01656177
    0.09015641
    0.06908151
    0.06817007
   -0.46133916
    0.23434670
    0.06680417
   -0.01282225
   -0.41231003
   -0.04601684
   -0.03387969
   -0.06546607
    0.14830980
   -0.04851239
    0.05450465
    0.05247137
    0.04688715
    0.05374801
   -0.26978737
    0.02111232
    0.05076397
    0.07803169
    0.05133712
