    0.14749094
   -0.06107108
   -0.03333620
   -0.04509343
   -0.01686367
   -0.04610449
   -0.27931679
    0.01859203
    0.05425937
    0.07987380
    0.05419776
    0.23527247
    0.07035975
    0.05764947
    0.05854437
    0.05613041
   -0.41151480
   -0.10383832
    0.12249709
   -0.47683785
    0.01446346
    0.02712328
   -0.02899071
    0.33903896
   -0.03973152
   -0.02607652
   -0.02596933
   -0.02280713
    0.05068893
    0.07282931
    0.06507070
    0.06192957
    0.34969982
   -0.26787189
    0.01663031
    0.07059700
    0.06998362
    0.08984099
   -0.46191748
    0.08932364
    0.07525413
