           1           2   1.36435556347835     
           2           3   1.42700965341237     
           3           4   1.46408642169092     
           4           5   1.35602824440856     
           1           6   1.35838442129342     
           3           6  0.100850639318949     
           5           6   1.40143148808839     
           1           7   1.07390262312462     
           7           8  0.972797878400222     
           8           9  0.976305706554296     
           8          10  0.977770859960305     
           8          11  0.976439357770508     
           5          12   1.03912059141033     
           6          13  0.962741985204891     
           2          14  0.964598583138090     
           3          15  0.968430634090751     
           4          16  0.965362586948303     
          12          17   1.77666983523487     
          12          18  0.996674632990252     
          18          19  0.963495268682768     
          19          20   1.00186835626470     
          19          21  0.993170183573611     
          19          22  0.953894938417481     
          21          23   1.40569299419493     
          20          24  0.856939426130252     
          21          25   1.39935847667487     
          23          26   1.45857893847436     
          25          26  0.103806270867224     
          26          27   1.38212831377007     
          23          28  0.102930492774105     
          25          28   1.46659403924241     
          27          28   1.37523924767309     
          25          29  0.966807213950792     
          23          30  0.963576786071435     
          26          31  0.965203858815669     
          28          32  0.965491775601302     
          27          33   1.01498157664424     
          33          34   1.13166065516891     
          34          35  0.949675613471720     
          35          36  0.976103238917255     
          35          37  0.975865936105184     
          35          38  0.978710854350032     
          33          39   1.68749638543737     
          34          39  0.165682221201499     
          18          40  0.940465166001018     
          18          41  0.951383515163489     
