           1           2   1.00639911737790     
           1           3   1.00096453144636     
           1           4  0.951105411376644     
           2           5   1.00267995331906     
           2           6  0.995155363659631     
           2           7  0.964924893143819     
           3           8   1.00159392000826     
           3           9  0.958226188177508     
           3          10   1.00816753711362     
           5          11  0.986338049551605     
           5          12  0.986079515292099     
           5          13  0.986021895011254     
           6          14  0.986391577957725     
           6          15  0.984537673912523     
           6          16  0.986211421753816     
           8          17  0.984090530062653     
           8          18  0.986342068124148     
           8          19  0.986301730417324     
          10          20  0.985866779193119     
          10          21  0.985422401386408     
          10          22  0.985775541176432     
