           1           2   1.37980451169214     
           2           3   1.41558845951494     
           3           4   1.47261121176852     
           4           5   1.35998599115189     
           1           6   1.36588574068502     
           3           6  0.102003995621146     
           5           6   1.41468260455804     
           6           7  0.938028131600519     
           2           8  0.967094192913859     
           3           9  0.971025642315985     
           4          10  0.964412440660913     
           5          11   1.02624606849365     
          11          12   1.73116134696756     
          12          13  0.974090253216238     
          12          14  0.972271794478489     
          11          15   1.14409011016986     
          12          15  0.139142241967011     
          15          16  0.682440831467722     
           1          17   1.04033270909929     
          17          18  0.990319735425706     
          18          19  0.976647329453763     
          18          20  0.980228814747276     
          18          21  0.976656923009198     
