   -0.02591959
   -0.02066323
   -0.02264735
   -0.03147772
    0.00188934
   -0.02369603
    0.19617983
    0.06772285
    0.07050488
    0.06873126
    0.05862117
   -0.15251519
    0.19922807
   -0.01191173
   -0.07136986
    0.14350425
   -0.05687699
   -0.03403368
   -0.03853955
    0.05417914
    0.04736293
    0.06111824
    0.05512043
    0.05017698
   -0.50435395
   -0.50699867
   -0.28350816
    0.02040116
    0.05045911
    0.07875290
    0.05064966
    0.63064242
    0.35040320
   -0.26478706
   -0.45686280
    0.01432164
    0.07252665
    0.09155237
    0.07211309
