           1           2   1.37845599752078     
           2           3   1.37762303807679     
           1           4  0.102000252786133     
           3           4   1.46633051343529     
           4           5   1.38338174769130     
           1           6   1.46686142892300     
           3           6  0.101783180137122     
           5           6   1.38292256567487     
           5           7   1.00847473288085     
           6           8  0.963938119167443     
           1           9  0.964030953034474     
           3          10  0.964122880223525     
           4          11  0.963806444710772     
           7          12   1.35816253844337     
          12          13   1.32958702705671     
          13          14   1.01758464495359     
          14          15   1.38053970836661     
          15          16   1.38955543562196     
          14          17  0.101693455238216     
          16          17   1.34001302352885     
          17          18   1.46452683057412     
          14          19   1.39532938324170     
          18          19   1.42899082861192     
          19          20  0.965998725012488     
          15          21  0.959863792902042     
          17          22  0.966989914876668     
          18          23  0.968091027933067     
          12          24  0.960871899153566     
          13          25   1.44586587183673     
           7          26   1.43517385293062     
          12          26  0.106613968156641     
          16          27   1.06391588125950     
          27          28  0.976033502122516     
          28          29  0.976730632592939     
          28          30  0.977671383405530     
          28          31  0.976392627716169     
          25          32  0.328373490047938     
          26          32  0.329309690335635     
           2          33   1.01046183479339     
          33          34   1.13661484234693     
          33          35   1.69064066005027     
          34          35  0.168097308384878     
          34          36  0.948126493327935     
          36          37  0.975904319923316     
          36          38  0.978416704212354     
          36          39  0.975327705965154     
