 -1.0
 -0.40969785532362D+01  0.36458876683757D+01  0.31150289187971D+00 -0.38585269911684D-04  0.15773491652951D-03  0.14876651843560D-03
 -0.52514935188330D+01  0.24082905257730D+01  0.23322602892577D+01 -0.14687310525895D-03  0.22554439035159D-03  0.12868454259302D-03
 -0.37954154388874D+01  0.19242341487339D+01  0.44730802045931D+01 -0.12173903274594D-03  0.11417050118067D-03  0.86621347348312D-04
 -0.13822214109057D+01  0.29014549042930D+01  0.46216651650909D+01 -0.37884782664565D-04 -0.60821479205962D-04 -0.10856881745934D-03
 -0.21523522987649D+00  0.41053317169095D+01  0.25854494727402D+01  0.42277459145867D-04  0.10601926764475D-03  0.35178906582022D-04
 -0.15834440290978D+01  0.43295365229154D+01  0.34460101761220D+00 -0.46860550222153D-04  0.19079649159288D-03  0.97823214824813D-04
 -0.77714368136881D+00  0.51366497481402D+01 -0.13461040124622D+01  0.69621486870269D-04 -0.14819158433468D-03 -0.11026715656786D-04
 -0.46626365377521D+01  0.87421900246605D+00  0.59889482987977D+01 -0.18105440492225D-03  0.22288634907107D-03  0.12834206248800D-03
 -0.43848734000054D+00  0.28632768331035D+01  0.64306179768071D+01  0.58889930856334D-03 -0.42751945580624D-03 -0.43246584326785D-03
  0.18962781754345D+01  0.58660659902589D+01  0.28886064867924D+01 -0.27780332150456D-04  0.15803123095219D-03  0.22553494146862D-03
  0.33326070779234D+01  0.53271931553026D+01  0.42473680388888D+01 -0.31747930767759D-04 -0.54063548803382D-04  0.14678232336943D-03
  0.18161568144231D+01  0.81494936433317D+01  0.18026180530878D+01  0.34901284345047D-04 -0.48276523312951D-05 -0.12591635125898D-03
 -0.52082224627901D+01  0.42006663234055D+01 -0.13074082347265D+01  0.40915476490221D-04 -0.80462676768270D-04  0.10997866716849D-04
 -0.79882894774664D+01  0.18464536736684D+01  0.21961843492127D+01 -0.14367708797111D-03  0.20556688460983D-03  0.14672470947461D-03
 -0.88142318827130D+01  0.11969590715486D+01 -0.99032696349568D-01  0.32749792400357D-03  0.16118550615502D-04  0.27103074370800D-04
 -0.11455379622561D+02  0.91428169307518D+00 -0.52408970845690D+00  0.37896172211278D-03 -0.23049416376498D-03 -0.13521966599933D-03
 -0.11540010573079D+02  0.48068100947771D+00 -0.25295710981625D+01  0.30603027872854D-03  0.65525358639064D-03 -0.33648567215395D-03
 -0.12559518045557D+02  0.26477885731991D+01 -0.33773876463756D+00 -0.14647525731900D-03 -0.63191847805829D-03  0.66504641907910D-03
 -0.12299424864863D+02 -0.53113726383776D+00  0.68303866386161D+00  0.33049070315803D-03 -0.59065049971002D-03 -0.59162115556551D-03
 -0.93672014236224D+01  0.20165818113600D+01  0.40222422033821D+01 -0.42792947715118D-03 -0.18241422267953D-03 -0.27333681232361D-04
 -0.22693715914292D+00  0.92870521681446D+01  0.28861701289666D+00 -0.10711118830503D-03  0.43764532067563D-04  0.10072219163447D-03
  0.32659377439284D+01  0.94771591767049D+01  0.23487970478564D+01 -0.13386160057605D-03  0.27171226840482D-03 -0.34157336815144D-03
 -0.28960898924702D+01  0.89152611844031D+01  0.11024221312254D+01 -0.14446792621431D-03 -0.12979818080448D-04 -0.46723039904366D-04
  0.18336271860148D+00  0.10541876942810D+02 -0.16030691730787D+01  0.43841013919795D-03 -0.63960545889580D-03 -0.24879474810381D-03
 -0.48067989237344D+01  0.94359571664889D+01 -0.63964454176179D+00 -0.96134329502606D-04  0.32890328627641D-04 -0.86131460223812D-04
 -0.73386287399128D+01  0.93276944441992D+01 -0.15313253602411D-01 -0.25901779915111D-04  0.44318327068041D-03  0.28528270959992D-03
 -0.80392986745398D+01  0.85526004877344D+01  0.23866930200076D+01 -0.32963139018504D-03  0.42233849244835D-03  0.19126819956665D-03
 -0.62458806490336D+01  0.78554718173435D+01  0.41825804011719D+01 -0.23085544001753D-03 -0.94230465176152D-04 -0.10163758932513D-03
 -0.37241415674788D+01  0.81091197833520D+01  0.34567226289983D+01 -0.23122785162230D-03 -0.20713064275651D-03 -0.14300048868095D-03
 -0.23070212477257D+01  0.76526785441007D+01  0.48509065915322D+01 -0.18240355676398D-03  0.13955672333558D-03 -0.76301484650437D-04
 -0.99597477083836D+01  0.87613159598788D+01  0.30338632297810D+01 -0.41596669028803D-03  0.33160777817076D-03 -0.32516410878757D-04
 -0.42636149017140D+01  0.98037949842627D+01 -0.25691648792251D+01  0.22471881055167D-04 -0.20908570399804D-03 -0.10004180664615D-03
 -0.88445910802702D+01  0.98336779009515D+01 -0.12952555566426D+01  0.23951893649985D-04  0.48096398218850D-03  0.24141975194534D-03
 -0.66105977539395D+01  0.70367795200011D+01  0.65830481742549D+01  0.19000864457766D-03 -0.25803231861041D-03 -0.90922997924569D-04
 -0.91231842158772D+01  0.66806906944884D+01  0.74080242502729D+01  0.18096010331059D-03 -0.19918573118173D-03 -0.92948203829205D-04
 -0.99173812925492D+01  0.85236891178168D+01  0.79063234160571D+01  0.73977282955419D-03 -0.51160978322574D-04  0.27964757976924D-03
 -0.89985077693861D+01  0.55761276834245D+01  0.91385986631220D+01 -0.14089338901705D-04  0.27319485431192D-03  0.22914557829957D-03
 -0.10176134330056D+02  0.55895282728361D+01  0.60021163649235D+01 -0.83796657933271D-04  0.12267828998039D-03 -0.14836503273216D-03
