   -0.02440082
   -0.01715471
   -0.02116740
   -0.03009770
    0.01255789
   -0.02310828
    0.08024830
    0.07202779
    0.07015487
    0.06360940
    0.17566274
   -0.12572788
   -0.38357671
    0.21792348
   -0.01501083
    0.05928888
    0.38172510
   -0.47699147
   -0.04392970
   -0.05895735
    0.14416961
   -0.05301903
    0.05852695
   -0.03339504
    0.06147454
    0.05596444
    0.04979693
    0.35088376
   -0.45495925
   -0.26300509
    0.01436215
    0.07250973
    0.09189345
    0.07222882
   -0.28260563
    0.02202904
    0.07757850
    0.05149033
    0.05100015
