           1           2   1.37901226056735     
           2           3   1.37444912160368     
           1           4  0.100819351935879     
           3           4   1.47310982024907     
           4           5   1.36950244535942     
           1           6   1.46899303263982     
           5           6   1.36957094149375     
           6           7  0.962349952075659     
           1           8  0.963990902611462     
           3           9  0.964116669212342     
           4          10  0.961389663083254     
           5          11   1.06031259058895     
          11          12   1.53007901176437     
          11          13   1.20627366777970     
          12          13  0.108455893421740     
          12          14   1.17871031783208     
          14          15   1.03527866041087     
          12          16  0.957588003545118     
          13          17  0.754427281000290     
          14          18   1.59864731010432     
          15          19   1.38651421499772     
          15          20   1.37413995124316     
          20          21   1.39019877709021     
          21          22   1.33687821951112     
          20          23  0.960336089849173     
          19          24   1.43219893056758     
          22          24   1.46200470335959     
          22          25  0.966976895265126     
          24          26  0.968342814522847     
          19          27  0.962757940773637     
           2          28   1.00745444619266     
          28          29   1.69260720193104     
          28          30   1.13858935373275     
          29          30  0.169316281413594     
          30          31  0.948060775160063     
          31          32  0.975537105086291     
          31          33  0.978432955002642     
          31          34  0.975562868482785     
          21          35   1.06804491655262     
          35          36  0.974925294120191     
          36          37  0.978046540077874     
          36          38  0.976753145102349     
          36          39  0.976721238002229     
