    0.14649794
   -0.06299826
   -0.03455899
   -0.04678392
   -0.01779071
   -0.04651573
   -0.28202161
    0.01999723
    0.05329963
    0.07855436
    0.05360154
    0.05532753
    0.06512043
    0.05736651
    0.05611882
    0.23375141
   -0.09539753
   -0.40524531
   -0.01256780
    0.07716509
    0.08277902
   -0.09563273
    0.03086972
    0.06640972
   -0.03988678
   -0.02421624
   -0.02512444
   -0.02623660
    0.05038967
   -0.02989860
    0.05596416
    0.05887163
    0.05776061
    0.34929558
   -0.46607102
   -0.27126183
    0.01858337
    0.08854192
    0.06904630
    0.06978787
    0.23095839
    0.07710356
    0.08301311
   -0.01873463
   -0.40824925
   -0.05012174
   -0.04151647
    0.12972355
   -0.06115839
   -0.03328357
    0.07162741
    0.05553544
    0.05730077
    0.05340810
   -0.17087919
   -0.01493935
    0.05218427
    0.07513602
