           1           2   1.36682075516948     
           2           3   1.42731057598651     
           3           4   1.46289713626475     
           4           5   1.36045317523496     
           1           6   1.35750079784422     
           3           6  0.101879651477741     
           5           6   1.40760015988707     
           1           7   1.07060300331044     
           7           8  0.973556207388456     
           8           9  0.976409793205512     
           8          10  0.977939371360074     
           8          11  0.976335971961838     
           2          12  0.964796095056958     
           6          13  0.963540325947260     
           3          14  0.968552021454909     
           4          15  0.965234060389158     
           5          16   1.02670524303255     
          16          17  0.993447301358935     
          16          18   1.79889296295302     
          17          19  0.984999124593665     
          17          20  0.950005712355186     
          17          21  0.939646921834962     
          19          22  0.981835769620075     
          19          23   1.00073413930721     
          19          24  0.961096992100619     
          23          25   1.39861298738380     
          23          26   1.40193343288451     
          25          27  0.101407424118134     
          26          27   1.46257030415593     
          25          28   1.46654714194280     
          26          28  0.102458598056217     
          25          29  0.963626358196223     
          27          30   1.37769236231303     
          28          30   1.37386782147218     
          28          31  0.966239340707291     
          26          32  0.965485991265250     
          27          33  0.966187289758924     
          30          34   1.01998597831793     
          34          35   1.68247828790926     
          34          36   1.12873091181777     
          35          36  0.163718358675038     
          36          37  0.950120326494217     
          37          38  0.978927824255879     
          37          39  0.975947226380071     
          37          40  0.976323844358076     
          22          41  0.994430927671286     
          22          42  0.947999415692702     
          22          43  0.941338276519351     
          41          44   1.03154956143087     
          41          45   1.78900661794281     
          44          46   1.33842210191428     
          44          47   1.42124369239133     
          47          48   1.33585041192537     
          48          49   1.31116058692051     
          46          50   1.44163285713390     
          49          50   1.45316233190751     
          47          51  0.961996753781283     
          46          52  0.965661507329671     
          50          53  0.968294651534610     
          49          54  0.963115037904216     
          48          55   1.06934058031449     
          55          56   1.16452103135701     
          56          57  0.970378949656151     
          56          58  0.972252165943662     
