           1           2   1.37561517551912     
           2           3   1.37810889072139     
           3           4   1.46765947078037     
           4           5   1.37316696712525     
           1           6   1.46849349098356     
           3           6  0.102054248432323     
           5           6   1.37426251760151     
           6           7  0.968533631821750     
           3           8  0.963771344147226     
           4           9  0.967508477054768     
           5          10   1.06452307286959     
          10          11  0.949402667860538     
          10          12   1.81113257568581     
           1          13  0.965184596021960     
           2          14   1.01163825145240     
          14          15   1.13747517443084     
          15          16  0.951637382577937     
          16          17  0.978508516083380     
          16          18  0.976208633592546     
          16          19  0.975691274019742     
          14          20   1.68781647706313     
          15          20  0.167643820334642     
          12          21   1.05430386384872     
          12          22  0.959569659010796     
          21          23   1.01105313412894     
          21          24   1.75835491344714     
          23          25   1.36404141898059     
          25          26   1.45599999490100     
          26          27   1.43200703513939     
          27          28   1.36511684587433     
          23          29   1.41518391648693     
          26          29  0.103843866492758     
          28          29   1.35279935503042     
          29          30  0.966047130645965     
          27          31  0.965140680603520     
          25          32  0.965880813924454     
          26          33  0.968621583584445     
          28          34   1.07719836390063     
          34          35  0.975779738050529     
          35          36  0.976457336107498     
          35          37  0.977932302380102     
          35          38  0.976329842240222     
