           1           2   1.36847570030966     
           2           3   1.42656043244903     
           3           4   1.46310878174351     
           4           5   1.36310952643335     
           1           6   1.35661843681205     
           3           6  0.102877619676443     
           5           6   1.41203613520966     
           6           7  0.961552958405446     
           2           8  0.966325483669730     
           3           9  0.970520903349117     
           4          10  0.966759829666461     
           5          11   1.02136634980724     
          11          12   1.00168458542626     
          12          13  0.963036390666646     
          12          14  0.983362815623907     
          12          15  0.962410773633365     
          11          16   1.82882912720895     
           1          17   1.07030489164465     
          17          18  0.984301704490158     
          18          19  0.979343251563839     
          18          20  0.976459003903421     
          18          21  0.976461735791800     
