           1           2   1.01742645865733     
           1           3  0.963240301341528     
           4           5   1.07970868313304     
           4           6   1.07931719024666     
           4           7  0.976308348010098     
           2           8  0.994889718732212     
           2           9   1.00643531622810     
           2          10  0.967276940094514     
           8          11  0.986670786451381     
           8          12  0.986261538068327     
           8          13  0.987008176571185     
           9          14  0.985961818935091     
           9          15  0.985755068267371     
           9          16  0.986570602873978     
           5          17  0.977709610064584     
           5          18  0.939201991649692     
           5          19  0.972594852806583     
           6          20  0.980727071198915     
           6          21  0.968286805397045     
           6          22  0.941008719156085     
           1          23  0.961853127596911     
