   -0.01955898
   -0.02311146
   -0.02500543
   -0.03323117
    0.03732362
   -0.01812918
    0.05137294
    0.06670714
    0.05971572
   -0.00953159
    0.08217360
   -0.06594376
    0.06191452
    0.35009996
   -0.26778063
    0.01646928
    0.09004858
    0.07101997
    0.07002595
   -0.46056016
    0.23423634
    0.07007734
   -0.01309904
   -0.41648988
   -0.04494195
   -0.03415632
   -0.06495635
    0.14585435
   -0.04838014
    0.05693603
    0.05347649
    0.05051312
    0.05507738
   -0.28287132
    0.02062411
    0.05269107
    0.07820261
    0.05318727
