           1           2   1.37423663145007     
           2           3   1.37636738624982     
           3           4   1.46877054090003     
           4           5   1.37200736937970     
           1           6   1.46857572295463     
           3           6  0.101807103011395     
           5           6   1.37431853283466     
           6           7  0.968175208486107     
           3           8  0.964199455725583     
           4           9  0.967446080619723     
           5          10   1.06506697833345     
          10          11  0.949115589544339     
          10          12   1.80864225003574     
           1          13  0.964665513822179     
           2          14   1.01492902834627     
          14          15   1.13103853403970     
          15          16  0.949554073595670     
          16          17  0.978587083209656     
          16          18  0.976156897743071     
          16          19  0.975642595007568     
          14          20   1.68876382109592     
          15          20  0.165982854549148     
          12          21   1.05710206434372     
          12          22  0.959197388880335     
          21          23   1.01106440408173     
          21          24   1.75448668108853     
          23          25   1.36492071998341     
          25          26   1.45631019451669     
          26          27   1.43119187930157     
          27          28   1.36770691823691     
          23          29   1.41419299640734     
          26          29  0.104366438048148     
          28          29   1.35546566514379     
          29          30  0.965725486325452     
          27          31  0.964928475025349     
          25          32  0.965603340072700     
          26          33  0.968482382986537     
          28          34   1.06939975880442     
          34          35  0.973837200911120     
          35          36  0.976522974313200     
          35          37  0.977948634632226     
          35          38  0.976398640709343     
