    0.14593932
   -0.06367500
   -0.03446591
   -0.04633835
   -0.01684926
   -0.04709892
    0.06434512
    0.05484282
    0.05642728
    0.05485934
    0.23443108
   -0.09356119
   -0.40913069
   -0.01239198
    0.08376580
    0.07244023
   -0.11745677
    0.03243494
    0.05999230
   -0.03602960
   -0.02447444
   -0.28242795
    0.01998913
    0.05328998
    0.07841419
    0.05308194
   -0.03164255
   -0.02806244
   -0.03420180
    0.05432511
    0.06057317
    0.04855846
    0.05602040
    0.34821100
   -0.27294114
   -0.46742549
    0.01844642
    0.06855193
    0.08821091
    0.06872894
    0.14789072
   -0.00855556
   -0.60553061
    0.02189478
   -0.05385213
   -0.05959047
    0.13690526
    0.04881301
   -0.03772645
   -0.07427225
    0.04080851
    0.03910206
    0.04163248
   -0.29425199
    0.02475010
    0.04791527
    0.07354419
    0.04821287
    0.60460387
