           1           2   1.36788364264173     
           2           3   1.42753271213405     
           3           4   1.46227744042317     
           4           5   1.36154772723517     
           1           6   1.35721208364576     
           3           6  0.102454335292628     
           5           6   1.40900033087870     
           6           7  0.963846741453306     
           2           8  0.964842976779939     
           3           9  0.968592866908743     
           4          10  0.965766348958585     
           5          11   1.02441307228888     
          11          12  0.995843746761343     
          11          13   1.79417713586852     
          12          14  0.983654165305339     
          12          15  0.935228700025062     
          12          16  0.952380062491443     
          14          17  0.982846445490861     
          14          18  0.993732535727101     
          14          19  0.939042881647673     
          18          20   1.39276725529995     
          20          21   1.46537952602657     
           1          22   1.06937478891824     
          22          23  0.973887486064387     
          23          24  0.976380928177618     
          23          25  0.977936528768482     
          23          26  0.976414602275072     
          21          27   1.37534406054342     
          27          28   1.36352067816062     
          18          29   1.38140129924802     
          28          29   1.48083122763394     
          29          30  0.944335738036992     
          28          31  0.965027839983447     
          20          32  0.964276877603452     
          21          33  0.966197265776225     
          27          34   1.02580129598259     
          34          35   1.12310225774041     
          34          36   1.68076716251556     
          35          36  0.161930332603647     
          35          37  0.951268689200136     
          37          38  0.976247376593573     
          37          39  0.978950662411132     
          37          40  0.976344670351086     
          17          41   1.68363340088682     
          41          42   1.01392163827453     
          17          43  0.140890990075866     
          41          43   1.16424216643677     
          17          44  0.966492254763816     
          42          45   1.36682755840056     
          42          46   1.42036263836983     
          46          47   1.36113073185279     
          46          48  0.954968318257323     
          45          49   1.46432755294932     
          46          49  0.104220674172368     
          47          50   1.37684424200229     
          49          50   1.42318511663202     
          50          51  0.966182848231509     
          45          52  0.967426958616115     
          49          53  0.969956033555083     
          47          54   1.05000908258498     
          54          55  0.978580285344568     
          55          56  0.976947193312265     
          55          57  0.978430889603463     
          55          58  0.976736747228702     
          43          59  0.590203498203409     
