           1           2   1.37774930259372     
           2           3   1.42246975069647     
           3           4   1.46496453465300     
           4           5   1.36734332691301     
           1           6   1.36096153495380     
           3           6  0.104240735420861     
           5           6   1.42193920914049     
           6           7  0.951264261285208     
           2           8  0.966203153492541     
           3           9  0.970043999393584     
           4          10  0.967683571827430     
           1          11   1.04897632729444     
          11          12  0.978531363616286     
          12          13  0.976890767454481     
          12          14  0.978414783331172     
          12          15  0.976875519592536     
           5          16   1.01356946826493     
          16          17   1.74455654379656     
          17          18  0.973284876787650     
          17          20  0.977779549215499     
          16          21   1.14587686009850     
          17          21  0.144711073609996     
          19          21  0.630753898595170     
