           1           2   1.04108222737453     
           1           3   1.04356030771236     
           2           4  0.984334194661564     
           2           5  0.994181586486977     
           2           6  0.953167774081843     
           3           7  0.979177289817798     
           3           8  0.948765627005798     
           3           9   1.00178382539520     
           4          10  0.971831835069875     
           4          11  0.986451956118152     
           4          12  0.983695640955838     
           5          13  0.966931984847054     
           5          14  0.984555668916045     
           5          15  0.985473717748600     
           7          16  0.986018323669360     
           7          17  0.986588391616429     
           7          18  0.979376119190589     
           9          19  0.961968673632025     
           9          20  0.983871778019100     
           9          21  0.976561391656791     
           1          22  0.663628963308293     
