    0.14813377
   -0.06286897
   -0.03350999
   -0.04222531
   -0.01135791
   -0.05034344
    0.07228193
    0.06162719
    0.06205572
    0.05107716
    0.22103528
   -0.27743172
    0.01602079
    0.05552404
    0.08157026
    0.05570708
   -0.11222039
   -0.42812484
    0.15904958
   -0.65956312
    0.60927579
    0.00088449
   -0.03896302
   -0.02758597
   -0.02631783
   -0.02921401
   -0.02991571
    0.35554658
   -0.25981150
   -0.43670648
    0.00424439
    0.07996964
    0.09894684
    0.06818604
    0.05099257
    0.04734442
    0.05158980
    0.06067631
    0.06135075
    0.07066981
   -0.01760004
