           1           2   1.36270084614869     
           2           3   1.42736754567096     
           3           4   1.46312497893159     
           4           5   1.35274033412298     
           1           6   1.36049860677116     
           3           6  0.100798329107635     
           5           6   1.39759132548307     
           6           7  0.961496985862121     
           2           8  0.964139688923927     
           3           9  0.967772562522735     
           4          10  0.963571093433475     
           5          11   1.04693384506801     
           1          12   1.07528696982104     
          12          13  0.972038738302685     
          13          14  0.976347723025213     
          13          15  0.977529750036323     
          13          16  0.976262495314162     
          11          17   1.07514172456463     
          11          18   1.62405573835632     
          17          19  0.822759346673156     
          19          20   1.14290465880308     
          18          21  0.242852531940381     
          20          21  0.438979025833011     
          19          22  0.958379581814680     
          22          23   1.40524498176676     
          22          24   1.40718159368795     
          23          25  0.106029058958717     
          24          25   1.45396990893679     
          22          26  0.104196565945494     
          25          26   1.39152214416452     
          23          27   1.45202405814248     
          24          27  0.106516263609803     
          26          27   1.39135541654466     
          26          28  0.976622204868406     
          28          29   1.14207179154455     
          28          30   1.71430601261238     
          29          30  0.164087322659963     
          29          31  0.947983839730073     
          31          32  0.973132895387949     
          31          33  0.973669572179188     
          31          34  0.975713020495581     
          27          35  0.967538820529579     
          23          36  0.965755120141939     
          25          37  0.968086246765479     
          24          38  0.957986790848932     
          17          39  0.970711354494445     
          17          40  0.956113926861495     
          19          41  0.943065369642663     
