    0.14143138
   -0.06940417
   -0.03602442
   -0.04800882
   -0.01318934
   -0.05245837
    0.05149399
    0.04882377
    0.04851006
    0.03949756
    0.19874999
   -0.28683876
    0.02158276
    0.05096489
    0.07759691
    0.05140005
   -0.15794845
   -0.51511042
    0.19550779
    0.03023627
   -0.51808682
    0.56412113
   -0.00480905
   -0.03231725
   -0.02331332
   -0.02580085
   -0.02471654
   -0.02878479
    0.35601662
   -0.25767396
   -0.43408839
    0.00380946
    0.08030927
    0.10061122
    0.06808293
    0.05171278
    0.05450315
    0.05305796
    0.06095105
   -0.16936929
   -0.17076671
    0.05472614
   -0.06213042
   -0.06213975
    0.05555411
    0.06532995
    0.07089007
    0.07374627
    0.06391694
    0.05471864
   -0.06229357
   -0.06199011
    0.05391951
    0.06421046
    0.07254867
    0.07337235
    0.06535948
