           1           2   1.37312480494462     
           2           3   1.42864111875554     
           3           4   1.45851909284433     
           4           5   1.37116967113333     
           1           6   1.35596419635108     
           3           6  0.105207193221543     
           5           6   1.42317206346533     
           6           7  0.965675008180326     
           2           8  0.965428175050793     
           3           9  0.969309617869275     
           4          10  0.967524000696232     
           5          11   1.00398786806540     
           1          12   1.06247201180231     
          12          13  0.975190946718211     
          13          14  0.976777504799099     
          13          15  0.978010161510048     
          13          16  0.976614058992903     
          11          17   1.32796263416337     
          11          18   1.48426643601536     
          17          18  0.104508982973052     
          17          19   1.35108598157840     
          17          20  0.966203937868681     
          17          21  0.113920590378467     
          19          21   1.47017265661478     
          18          22  0.242473485408837     
          21          22  0.250002297037817     
          19          23   1.00028348254535     
          23          24   1.39122721931743     
          23          25   1.39146893815201     
          24          26  0.105785495344085     
          25          26   1.45604034414821     
          23          27  0.101692982293924     
          26          27   1.39221059141123     
          24          28   1.45551937630328     
          25          28  0.105530101467671     
          27          28   1.39042573713629     
          27          29  0.973326555219825     
          29          30   1.14506249206954     
          29          31   1.71640380951467     
          30          31  0.165214280741466     
          30          32  0.947369405385539     
          32          33  0.973007357303187     
          32          34  0.973595596670696     
          32          35  0.975858390204607     
          28          36  0.967330425362877     
          24          37  0.964825337176835     
          26          38  0.967842061468243     
          25          39  0.965071487189624     
          22          40  0.146018344379067     
          22          41  0.146692725111179     
          40          42   1.11226653471801     
          42          43   1.62713204459823     
          43          44   1.27935407193700     
          40          45   1.10960610276701     
          42          45  0.155634485681948     
          44          45   1.62635565488184     
          44          46  0.971370195453601     
          45          47  0.959209403729484     
          42          48  0.960164975581311     
          43          49  0.971512520478366     
          41          50   1.10830798226317     
          50          51   1.62706003898214     
          51          52   1.27894145821246     
          41          53   1.11182988162036     
          50          53  0.155507874180525     
          52          53   1.62801198509837     
          52          54  0.971379625457268     
          53          55  0.961024532474611     
          50          56  0.958765181699951     
          51          57  0.971483796653992     
