           1           2   1.38070575374547     
           2           3   1.38020605901704     
           1           4  0.101213626437598     
           3           4   1.46941644652624     
           4           5   1.36630868184842     
           1           6   1.46771982966269     
           3           6  0.102259736949590     
           5           6   1.36519700273494     
           6           7  0.962796636796929     
           3           8  0.962769146678518     
           4           9  0.963583249311455     
           5          10   1.06139869412050     
          10          11  0.931307297935881     
          10          12   1.85736929622745     
           1          13  0.962873387346509     
           2          14  0.999270221152760     
          14          15   1.14512698615735     
          15          16  0.946093392443010     
          16          17  0.977990791057094     
          16          18  0.975322890621340     
          16          19  0.974870275400292     
          14          20   1.69973554188718     
          15          20  0.173093107641079     
